LANDSAT 8
1 39084U 13008A   20209.08962113  .00000026  00000-0  15813-4 0  9999
2 39084  98.2247 278.2954 0001560  98.5509 261.5870 14.57107245396477
LANDSAT 8
1 39084U 13008A   20209.08962113  .00000026  00000-0  15813-4 0  9999
2 39084  98.2247 278.2954 0001560  98.5509 261.5870 14.57107245396477
LANDSAT 8
1 39084U 13008A   20209.08962113  .00000026  00000-0  15813-4 0  9999
2 39084  98.2247 278.2954 0001560  98.5509 261.5870 14.57107245396477
LANDSAT 8
1 39084U 13008A   20209.08962113  .00000026  00000-0  15813-4 0  9999
2 39084  98.2247 278.2954 0001560  98.5509 261.5870 14.57107245396477
